000000000011000100011001111100110111100100000000 
000000000000000000000000000000000000000000000000 
000000000000000000000000000000000000000000000000 
000000000000000000000000000000000000000000000000 
000000000000000000000000000000000000000000000000
000000000000000000000000000000000000000000000000 
000000000000000000000000000000000000000000000000 
000000000000000000000000000000000000000000000000 
000000000000000000000000000000000000000000000000 
000000000000000000000000000000000000000000000000 
000000000000000000000000000000000000000000000000 
000000000000000000000000000000000000000000000000 
000000000000000000000000000000000000000000000000 
000000000000000000000000000000000000000000000000 
000000000000000000000000000000000000000000000000 
000000000000000000000000000000000000000000000000 
000000000000000000000000000000000000000000000000
000000000000000000000000000000000000000000000000 
000000000000000000000000000000000000000000000000 
000000000000000000000000000000000000000000000000 
000000000000000000000000000000000000000000000000 
000000000000000000000000000000000000000000000000 
000000000000000000000000000000000000000000000000 
000000000000000000000000000000000000000000000000 
000000000000000000000000000000000000000000000000 
000000000000000000000000000000000000000000000000 
000000000000000000000000000000000000000000000000 
000000000000000000000000000000000000000000000000 
000000000000000000000000000000000000000000000000 
000000000000000000000000000000000000000000000000 
000000000000000000000000000000000000000000000000 
000000000000000000000000000000000000000000000000 
000000000000000000000000000000000000000000000000 
000000000000000000000000000000000000000000000000 
000000000000000000000000000000000000000000000000 
000000000000000000000000000000000000000000000000 
000000000011000100110001111100110111101100100101 
000000000011000100010001011100110111011100100110 
000000000011000100010001011100110111011100000000 
000000000000000000000000000000000000000000000000 
000000000011000101100001011100110111011100101001 
000000000011000101100001011100110111011100101010 
000000000011000100010001011100110111011100000000 
000000000000000000000000000000000000000000000000 
000000000011000100010010111100110111101100101101 
000000000011010000110000011100110111011100101110 
000000000011000100010001011100110111011100000000 
000000000000000000000000000000000000000000000000 
000000000011000100010010111100110111101100110001 
000000000011011101000000011100110111011100110010 
000000000011000100010001011100110111011100000000 
000000000000000000000000000000000000000000000000 
000000000011000101000001011100111101011100110101 
000000000011000100010001011100110101011100110110 
000000000011000100010001011100110111011100000000 
000000000000000000000000000000000000000000000000 
000000000011000100110001011100110011011100111001 
000000000011000100010001011100110111011100111010 
000000000011000100010001011100110111011100000000 
000000000000000000000000000000000000000000000000
000000000011000100010001111100010111101100111101 
000000000011000100010001011100110111011100111110 
000000000011000100010001011100110111011100000000 
000000000000000000000000000000000000000000000000 
000000000000000000000000000000000000000000000000
000000000000000000000000000000000000000000000000 
000000000000000000000000000000000000000000000000 
000000000000000000000000000000000000000000000000 
010000000011000101000001011100110111011101000101 
100000000011000111000001011100110111011101000110 
000110110001000100110001111100110111011100000000 
000000000000000000000000000000000000000000000000 
010000000011000101000001011100110111011101001001 
100000000011000111000001011100110111011101001010 
000111100001000100110001111100110111011100000000 
000000000000000000000000000000000000000000000000
010000000011000101000001011100110111011101001101 
100000000011000111000001011100110111011101001110
000101100001000100110001111100110111011100000000
000000000000000000000000000000000000000000000000 
000100110001000100110001011100110111011101010001 
000000000011000100010001011100110111011101010010 
000000000011000100010001011100110111011100000000 
000000000000000000000000000000000000000000000000 
100000000011000101000001011100110111011101010101 
000100000001000100110001011100110111011101010110 
000000000011000100010001011100110111011100000000 
000000000000000000000000000000000000000000000000 
000000000000000000000000000000000000000000000000 
000000000000000000000000000000000000000000000000 
000000000000000000000000000000000000000000000000 
000000000000000000000000000000000000000000000000 
000000000000000000000000000000000000000000000000 
000000000000000000000000000000000000000000000000 
000000000000000000000000000000000000000000000000 
000000000000000000000000000000000000000000000000 
000000000000000000000000000000000000000000000000 
000000000000000000000000000000000000000000000000 
000000000000000000000000000000000000000000000000 
000000000000000000000000000000000000000000000000 
010000000011000101000001011100110111011101100101 
100000000011000111000001011100110111011101100110 
001010010001000100110001111100110111011100000000 
000000000000000000000000000000000000000000000000 
010000000011000101000001011100110111011101101001 
100000000011000111000001011100110111011101101010 
001010010001100100110001111100110111011100000000 
000000000000000000000000000000000000000000000000 
100000000011000101000001011100110111011101101101 
000000000001000100110001011100110111011101101110 
000000000011000100010001011100110111011100000000 
000000000000000000000000000000000000000000000000 
100000000011000101000001011100110111011101110001 
000011110001000100110001011100110111011101110010 
000000000011000100010001011100110111011100000000 
000000000000000000000000000000000000000000000000 
010000000011000111000001011100110111011101110101 
100000000011000111000001011100110111011101110110 
000000110001100100110001111100110111011100000000 
000000000000000000000000000000000000000000000000 
100000000011000101000001011100110111011101111001 
000000001001000100110001011100110111011101111010 
000000000011000100010001011100110111011100000000 
000000000000000000000000000000000000000000000000 
100000000011000101000001011100110111011101111101 
000000000101000100110001011100110111011101111110 
000000000011000100010001011100110111011100000000 
000000000000000000000000000000000000000000000000 
000000000011011101000001011110100111011110000001 
000000000011000100010001011110110111011110000010 
000000000011000100010001011100110111011100000000
000000000000000000000000000000000000000000000000
000000000011000100010001011101110111011110000101 
000000000011010000110001011100100111011110000110 
000000000011000100010001011100110111011100000000 
000000000000000000000000000000000000000000000000 
000000000011000100010101111100110111101110001001 
000000000011000100010011111100110111101110001010
000000000011000100010001001100110111011100000000 
000000000000000000000000000000000000000000000000 
000000000011000100010101111100110110101110001101
000000000011000100010011111100110110101110001110
000000000011000100010001001100110110011100000000 
000000000000000000000000000000000000000000000000 
000000000011000100010101111100110110101110010001 
000000000011000100010011111100110110101110010010 
000000000011000100010001001100110110011100000000 
000000000000000000000000000000000000000000000000 
000000000011000100010001011100110111011110010101 
000000000011000100010001011100110111011110010110 
000000000011000100010001011100110111011100000000
000000000000000000000000000000000000000000000000 
000000000011000100010101111100110111101110011001 
000000000011000100010011111100110111101110011010 
000000000011000100010001011100110111011100000000 
000000000000000000000000000000000000000000000000 
000000000011000100010001011101110111011110011101 
000000000011010000010011011100100111011110011110 
000000000011000100010001011100110111011100000000 
000000000000000000000000000000000000000000000000 
000000000011011100010001010110100111011110100001 
000000000011000100010001011110110111011110100010 
000000000011000100010001011100110111011100000000 
000000000000000000000000000000000000000000000000
000000000011000100010001011101110111011110100101 
000000000011010000010101011100100111011110100110 
000000000011000100010001001100110111011100000000 
000000000011000100010101111100110110101110001101 
000000000011011100010001011010100111011110101001 
000000000011000100010001011110110111011110101010 
000000000011000100010001001100110111011100000000 
000000000000000000000000000000000000000000000000 
000000000000000000000000000000000000000000000000 
000000000000000000000000000000000000000000000000 
000000000000000000000000000000000000000000000000 
000000000000000000000000000000000000000000000000 
000000000000000000000000000000000000000000000000 
000000000000000000000000000000000000000000000000 
000000000000000000000000000000000000000000000000 
000000000000000000000000000000000000000000000000 
000000000000000000000000000000000000000000000000 
000000000000000000000000000000000000000000000000 
000000000000000000000000000000000000000000000000 
000000000000000000000000000000000000000000000000 
000000000000000000000000000000000000000000000000 
000000000000000000000000000000000000000000000000 
000000000000000000000000000000000000000000000000  
000000000000000000000000000000000000000000000000 
000000000000000000000000000000000000000000000000 
000000000000000000000000000000000000000000000000  
000000000000000000000000000000000000000000000000  
000000000000000000000000000000000000000000000000 